72
94 203 90 208
96 226 90 235
100 249 93 264
106 271 98 294
116 293 107 322
130 312 118 348
146 329 135 370
164 343 157 385
185 346 182 386
206 341 208 379
224 327 231 364
240 311 253 345
252 292 269 321
261 273 280 293
266 252 285 265
270 229 287 236
271 207 286 207
108 202 105 202
121 194 118 191
137 193 135 189
154 195 154 191
171 199 172 197
192 198 187 196
208 193 206 188
225 191 225 184
242 192 245 185
256 200 261 195
182 209 181 204
182 227 181 221
181 244 182 240
181 261 183 259
166 265 163 269
174 269 172 273
183 272 183 276
192 268 193 274
199 264 203 269
129 209 124 209
138 204 134 204
150 204 144 204
160 211 157 209
149 214 145 210
137 214 134 211
204 210 208 207
214 203 219 202
226 202 229 202
235 208 239 206
227 212 229 208
215 212 220 208
151 293 145 309
163 288 158 301
174 285 172 298
183 287 183 301
191 284 195 298
203 287 207 299
213 290 221 306
204 303 207 315
193 310 194 318
184 311 181 319
175 310 170 319
163 304 156 316
157 293 149 307
174 292 171 304
183 293 183 305
192 292 194 303
208 291 216 305
193 295 194 308
184 296 182 310
175 295 170 309
0 0 0 0
0 486 0 486
363 0 363 0
363 486 363 486